28537	90 300	 1.8512		
6599	100 300	 1.61179	
92064	120 300	1.14898	
51114	120 300	2.18306	
68711	125 300	 1.79269	
48433	130 300	 1.52928	
23954	130 300	 1.01707	
85867	140 300	1.20222		
7825	150 300	0.830865	
14410	165 300	 0.132504	
35375	170 300	 0.0562445	
47682	90 350	1.84507		
89216	100 350	1.81198		
83939	110 350	2.01297	
57222	120 350	1.39413	
84210	120 350	2.2354	
32059	125 350	1.82258	
78700	130 350	1.60335	
31191	130 350	1.10989	
89169	140 350	 1.32257	
81800	150 350	 0.818674	
48620	165 350	 0.161937	
82089	170 350	 0.0550766	
65908	180 350	0.032194	
99168	90 400	1.15918		
63733	100 400	 1.29904	
36763	110 400	 1.70154	
75415	120 400	 1.09483	
76641	120 400	1.87243	
43242	125 400	1.63905	
52216	130 400	1.43106	
30863	130 400	0.823665
65581	140 400	 1.15033
20396	150 400	0.426619
59524	165 400	0.115421
98310	170 400	0.0467077
39907	180 400	0.0350773
4331	90 450	0.744575
64952	100 450	0.695391
9987	110 450	0.745544
10024	120 450	0.718058
19838	120 450	1.22448
30889	125 450	 1.14944
67366	130 450	 1.24159
94060	130 450	0.974172
44297	140 450	0.718138
24328	150 450	0.448795
11743	165 450	 0.0935081
57350	170 450	  0.0342381
39579	180 450	 0.0194824
89889	90 500	0.380508
9112	100 500	0.43674	
98718	110 500	0.492427
29410	120 500	0.310358
74385	120 500	0.809138
48751	125 500	0.963131
70532	130 500	0.68401	
74862	130 500	0.561103
31952	140 500	0.458276
58440	150 500	0.282783
32488	165 500	0.0475081
51200	170 500	0.0175669
87530	90  550	0.186895
16003	100 550	0.224186
30567	110 550	0.257702
32516	120 550	0.322556
832	120 550	 0.533995
9061	125 550	0.626192
78324	130 550	0.457962
67315	130 550	0.159224
58985	140 550	0.188849
53337	150 550	0.132547
8643	165 550	0.0304927
44191	90  600	0.0778
31025	100 600	0.121672
82293	110 600	0.0829236
46865	120 600	0.0921433
99644	120 600	0.294881
18453	125 600	0.317463
35516	130 600	0.26535
47393	130 600	0.0787198
4055	140 600	0.108281
35117	150 600	0.0663148
24987	165 600	0.0141663
7371	90  650	0.0423313
19393	100 650	0.0575513
40566	110 650	0.0495456
44717	120 650	0.0926936
46752	120 650	 0.224522
19494	125 650	0.215023
54250	130 650	0.189185
73972	130 650	0.0477327
34855	140 650	0.0611178
94879	150 650	0.0426142
37535	100 700	0.0240244
48633	110 700	0.0219277
36596	 120 700	 0.0394737
68452	120 700	 0.136343
28441	125 700	 0.145824
27219	130 700	 0.127998
45455	130 700	 0.026744
13398	150 700	 0.0178137
70429	100 750	 0.0140379
20610	120 750	0.0184148
37525	120 750	0.123627
40451	125 750	 0.104312
11330	130 750	 0.0867375
21388	130 750	 0.0161197
41550	120 800	  0.0157516
28224	120 800	 0.0820737
52004	125 800	 0.0706228
9973	130 800	 0.0707187
62430	130 800	 0.0159312
55385	120 850	 0.00929248
16673	120 850	 0.0590953
47455	125 850	 0.0586094
95037	130 850	 0.0498029
93499	130 850	 0.0105286
17652	120 900	 0.04167
85626	125 900	 0.0422258
36560	130 900	  0.0356164
843	120 1000 0.0206692
55503	125 1000  0.0216593
