28537
6599
92064
51114
68711
48433
23954
85867
7825
14410
35375
47682
89216
83939
57222
84210
32059
78700
31191
89169
81800
48620
82089
65908
99168
63733
36763
75415
76641
43242
52216
30863
65581
20396
59524
98310
39907
4331
64952
9987
10024
19838
30889
67366
94060
44297
24328
11743
57350
39579
89889
9112
98718
29410
74385
48751
70532
74862
31952
58440
32488
51200
87530
16003
30567
32516
832
9061
78324
67315
58985
53337
8643
44191
31025
82293
46865
99644
18453
35516
47393
4055
35117
24987
7371
19393
40566
44717
46752
19494
54250
73972
34855
94879
37535
48633
36596
68452
28441
27219
45455
13398
70429
20610
37525
40451
11330
21388
41550
28224
52004
9973
62430
55385
16673
47455
95037
93499
17652
85626
36560
843
55503
